10
1
0
2
1 1
3
1 2 2
4
1 2 3 4
5
7 7 8 9 90
6
0 0 0 0 0 0
7
90000 910000 910001 910001 910001 920000 920000
8
0 1 2 3 4 5 6 7
9
1 1 1 1 1 1 8 9 9
10
1 2 2 3 4 4 5 6 7 710
1
0
2
1 1
3
1 2 2
4
1 2 3 4
5
7 7 8 9 90
6
0 0 0 0 0 0
7
90000 910000 910001 910001 910001 920000 920000
8
0 1 2 3 4 5 6 7
9
1 1 1 1 1 1 8 9 9
10
1 2 2 3 4 4 5 6 7 710
1
0
2
1 1
3
1 2 2
4
1 2 3 4
5
7 7 8 9 90
6
0 0 0 0 0 0
7
90000 910000 910001 910001 910001 920000 920000
8
0 1 2 3 4 5 6 7
9
1 1 1 1 1 1 8 9 9
10
1 2 2 3 4 4 5 6 7 710
1
0
2
1 1
3
1 2 2
4
1 2 3 4
5
7 7 8 9 90
6
0 0 0 0 0 0
7
90000 910000 910001 910001 910001 920000 920000
8
0 1 2 3 4 5 6 7
9
1 1 1 1 1 1 8 9 9
10
1 2 2 3 4 4 5 6 7 710
1
0
2
1 1
3
1 2 2
4
1 2 3 4
5
7 7 8 9 90
6
0 0 0 0 0 0
7
90000 910000 910001 910001 910001 920000 920000
8
0 1 2 3 4 5 6 7
9
1 1 1 1 1 1 8 9 9
10
1 2 2 3 4 4 5 6 7 710
1
0
2
1 1
3
1 2 2
4
1 2 3 4
5
7 7 8 9 90
6
0 0 0 0 0 0
7
90000 910000 910001 910001 910001 920000 920000
8
0 1 2 3 4 5 6 7
9
1 1 1 1 1 1 8 9 9
10
1 2 2 3 4 4 5 6 7 710
1
0
2
1 1
3
1 2 2
4
1 2 3 4
5
7 7 8 9 90
6
0 0 0 0 0 0
7
90000 910000 910001 910001 910001 920000 920000
8
0 1 2 3 4 5 6 7
9
1 1 1 1 1 1 8 9 9
10
1 2 2 3 4 4 5 6 7 710
1
0
2
1 1
3
1 2 2
4
1 2 3 4
5
7 7 8 9 90
6
0 0 0 0 0 0
7
90000 910000 910001 910001 910001 920000 920000
8
0 1 2 3 4 5 6 7
9
1 1 1 1 1 1 8 9 9
10
1 2 2 3 4 4 5 6 7 710
1
0
2
1 1
3
1 2 2
4
1 2 3 4
5
7 7 8 9 90
6
0 0 0 0 0 0
7
90000 910000 910001 910001 910001 920000 920000
8
0 1 2 3 4 5 6 7
9
1 1 1 1 1 1 8 9 9
10
1 2 2 3 4 4 5 6 7 710
1
0
2
1 1
3
1 2 2
4
1 2 3 4
5
7 7 8 9 90
6
0 0 0 0 0 0
7
90000 910000 910001 910001 910001 920000 920000
8
0 1 2 3 4 5 6 7
9
1 1 1 1 1 1 8 9 9
10
1 2 2 3 4 4 5 6 7 7

